100
2 3 2
1 1 1
2 1 2
3 2 3
100 1 100
10 8 10
48 5 48
11 11 11
6 15 6
74 8 74
12 10 12
3 37 3
43 4 43
1 74 1
3 1 3
15 4 15
73 2 73
100 3 100
43 11 43
14 7 14
2 10 2
21 13 21
17 11 17
3 4 3
68 4 68
1 4 1
4 3 4
54 3 54
34 11 34
82 1 82
5 5 5
2 59 2
100 6 100
1 100 1
51 9 51
87 7 87
1 2 1
10 5 10
34 10 34
97 2 97
4 4 4
11 14 11
51 5 51
54 1 54
4 1 4
1 26 1
89 4 89
11 5 11
29 6 29
10 18 10
42 8 42
2 33 2
9 9 9
3 7 3
59 6 59
78 1 78
34 8 34
17 5 17
51 10 51
54 10 54
35 4 35
2 47 2
25 5 25
15 9 15
6 21 6
3 3 3
2 4 2
100 4 100
4 2 4
2 35 2
30 10 30
34 3 34
50 6 50
2 18 2
58 2 58
12 2 12
100 9 100
6 2 6
2 53 2
12 6 12
2 52 2
8 9 8
28 8 28
68 5 68
90 5 90
29 1 29
18 5 18
1 32 1
26 7 26
66 9 66
4 29 4
80 8 80
29 12 29
1 48 1
51 3 51
2 2 2
1 6 1
100 2 100
1 3 1
69 8 69
